Figure 8.3
Valuations: [[4, 12, 5],
             [7, 10, 9],
             [7, 7, 10]]

Output: ([3, 0, 2], [4, 3, 5])

Random valuations (n = 5)
Valuations: [[1, 9, 9, 3, 1],
             [1, 9, 7, 3, 7],
             [9, 2, 2, 7, 3],
             [6, 8, 6, 1, 5],
             [9, 1, 8, 6, 6]]
Output: ([1, 0, 0, 2, 2], [7, 9, 8, 6, 5])

Random valuations (n = 7)
Valuations: [[6, 2, 3, 1, 8, 9, 1],
             [2, 5, 4, 3, 8, 4, 5],
             [1, 7, 1, 9, 1, 7, 4],
             [6, 9, 6, 2, 9, 2, 6],
             [5, 2, 5, 8, 9, 6, 9],
             [8, 6, 1, 1, 7, 5, 7],
             [5, 1, 4, 1, 4, 7, 9]]
Output: ([2, 0, 3, 1, 4, 0, 4], [12, 9, 10, 8, 11, 7, 13])

Random valuations (n = 9)
Valuations: [[7, 4, 9, 7, 8, 4, 3, 2, 4],
             [3, 1, 8, 4, 9, 7, 9, 7, 9],
             [8, 5, 3, 4, 6, 7, 3, 8, 6],
             [1, 4, 9, 1, 1, 2, 1, 1, 1],
             [1, 7, 7, 4, 7, 6, 8, 1, 9],
             [4, 5, 6, 4, 1, 8, 9, 5, 9],
             [6, 3, 3, 4, 1, 9, 1, 1, 9],
             [8, 2, 1, 4, 9, 5, 6, 5, 2],
             [3, 7, 8, 5, 2, 1, 1, 7, 1]]
Output: ([0, 1, 0, 2, 1, 1, 0, 0, 0], [12, 13, 16, 11, 17, 15, 14, 9, 10])