Figure 8.3
Valuations: [[4, 12, 5],
             [7, 10, 9],
             [7, 7, 10]]

Output: ([3, 0, 2], [4, 3, 5])

Random valuations (n = 5)
Valuations: [[9, 0, 1, 1, 7],
             [8, 3, 5, 7, 2],
             [1, 6, 3, 4, 6],
             [5, 3, 6, 0, 7],
             [3, 9, 9, 0, 2]]
Output: ([1, 0, 0, 0, 0], [5, 8, 6, 9, 7])

Random valuations (n = 7)
Valuations: [[1, 9, 4, 4, 5, 5, 4],
             [0, 2, 6, 6, 0, 4, 5],
             [2, 2, 1, 8, 8, 2, 1],
             [3, 7, 8, 8, 6, 2, 8],
             [2, 1, 6, 5, 6, 2, 5],
             [1, 7, 5, 4, 6, 5, 0],
             [0, 2, 8, 8, 0, 0, 1]]

Output: ([4, 4, 4, 3, 0, 2, 4], [8, 9, 11, 13, 7, 12, 10])

Random valuations (n = 9)
Valuations: [[3, 5, 7, 1, 3, 2, 2, 6, 1],
             [1, 5, 7, 8, 3, 3, 7, 5, 1],
             [5, 3, 8, 1, 4, 9, 4, 3, 2],
             [4, 8, 0, 0, 8, 3, 7, 9, 7],
             [0, 3, 8, 5, 1, 8, 3, 2, 8],
             [7, 6, 7, 4, 2, 6, 2, 4, 0],
             [0, 4, 6, 4, 4, 7, 2, 9, 7],
             [4, 3, 3, 1, 6, 4, 6, 6, 3],
             [3, 2, 4, 6, 7, 7, 9, 5, 2]]

Output: ([0, 0, 0, 0, 0, 0, 1, 0, 0], [11, 12, 14, 10, 17, 9, 16, 13, 15])